Data Type:                         CLASS 10 SECOND DATA
Project ID:                        NSSL: MOBILE SITE TEST AT BOULDER, CO
Launch Site Type/Site ID:          MOBILE, NS2
Launch Location (lon,lat,alt):     105 15.00'W, 40 01.00'N, -105.25, 40.01667, 1600
GMT Launch Time (y,m,d,h,m,s):     1990, 04, 07, 02:08:25
Sonde Type/ID/Sensor ID/Tx Freq:   VAISALA RS80-15L 0, 0, 0
Met Processor/Met Smoothing:       VAISALA PP-11, 20 SECONDS
Winds Type/Processor/Smoothing:    LORAN-C, ANI-7000, 60 SECONDS
Pre-launch Surface Obs Source:     MANUAL ENTRY
System Operator/Comments:          D. LAURITSEN, NCAR MCLASS TEST FLIGHT, RL3 AT BOULDER, CO. DATA PROVIDED TO WPL. GOOD CLEAN FLIGHT.  TERRY J. SCHUUR
/
/
 Time  Press  Temp  Dewpt  RH    Uwind  Vwind  Wspd  Dir   dZ       Lon       Lat     Rng   Ang    Alt    Qp   Qt   Qh   Qu   Qv   Quv
  sec    mb     C     C     %     m/s    m/s   m/s   deg   m/s      deg       deg      km   deg     m     mb   C    %    m/s  m/s  m/s
------ ------ ----- ----- ----- ------ ------ ----- ----- ----- ---------- --------- ----- ----- ------- ---- ---- ---- ---- ---- ----
 -80.0  836.7   7.5   -.4  57.0    0.0   -1.0   1.0   0.0   0.0 -105.25000  40.01667   0.0 180.0  1600.0 77.0 77.0 77.0 77.0 77.0 77.0
  10.0  832.6   5.6   -.6  63.3     .4     .7    .8 207.0   4.1 -105.25000  40.01667   0.0 270.0  1640.6   .2   .7  2.9  1.0  1.5  1.8
  20.0  827.3   6.1   -.8  60.7   -1.4    0.0   1.4  90.2   5.2 -105.25104  40.01567    .1 218.6  1692.5   .3   .3   .5   .7  1.1  1.3
  30.0  821.6   6.6  -1.2  55.9   -3.3   -1.3   3.5  68.6   5.7 -105.25178  40.01487    .3 217.2  1749.6   .3   .1   .9   .3   .6   .7
  40.0  816.0   6.4  -1.9  53.5   -3.1    -.1   3.1  88.4   5.6 -105.25235  40.01426    .3 216.8  1805.9   .5  0.0   .5   .3   .4   .5
  50.0  810.4   6.0  -2.7  52.0   -2.7     .3   2.8  96.9   5.6 -105.25283  40.01375    .4 216.6  1861.6   .4   .1   .8   .2   .4   .5
  60.0  805.3   5.6  -3.2  52.8   -1.0   -1.1   1.5  42.6   5.2 -105.25309  40.01319    .5 214.3  1913.9   .4  0.0   .3   .2   .3   .3
  70.0  799.8   5.1  -3.4  53.8    -.8   -1.1   1.4  34.6   5.5 -105.25337  40.01272    .5 213.2  1969.1   .2  0.0   .4   .1   .2   .3
  80.0  794.2   4.6  -3.7  54.4   -1.2    -.8   1.4  56.5   5.8 -105.25367  40.01240    .6 213.4  2026.8   .2   .1   .6   .1   .2   .3
  90.0  788.8   4.1  -4.1  53.8   -2.3    -.2   2.3  84.5   5.6 -105.25393  40.01222    .6 214.1  2082.7   .2  0.0   .3   .1   .2   .2
 100.0  783.4   3.8  -4.7  52.5   -2.8    0.0   2.8  90.1   5.5 -105.25415  40.01210    .6 214.9  2138.0   .2  0.0  1.0   .1   .2   .2
 110.0  777.6   3.4  -5.1  53.3   -3.0     .2   3.0  94.5   6.0 -105.25446  40.01202    .6 216.3  2198.2   .5   .1   .7   .1   .2   .2
 120.0  938.4  11.8  -2.1  46.6   -2.9     .1   2.9  92.9 999.0 -105.25475  40.01201    .7 218.0   650.6 99.0 24.4 99.0   .1   .2   .2
 130.0  955.7  12.6   1.2  46.7   -2.7     .2   2.7  94.9 -15.3 -105.25502  40.01201    .7 219.6   497.9 99.0 18.8 99.0   .1   .2   .2
 140.0  761.7   2.3  -2.0  55.2   -2.0    1.0   2.3 115.1 999.0 -105.25527  40.01211    .7 221.5  2366.1   .7   .3   .9   .1   .2   .3
 150.0  756.5   2.2  -6.1  52.7   -1.8    2.2   2.8 140.9   5.5 -105.25540  40.01245    .7 224.4  2421.2   .4   .3  2.4   .1   .3   .3
 160.0  752.0   2.0  -6.2  55.4   -1.1    4.3   4.4 165.0   4.9 -105.25597  40.01311    .6 232.1  2470.2   .5  0.0  1.6   .2   .4   .4
 170.0  747.1   1.9  -5.7  57.8    -.7    6.1   6.2 173.2   5.3 -105.25653  40.01368    .6 239.2  2522.9   .4  0.0  1.3   .2   .3   .4
 180.0  741.4   2.1  -5.5  56.9    -.1    7.1   7.1 179.4   6.2 -105.25689  40.01415    .7 244.5  2584.6   .5   .4  2.8   .1   .3   .3
 190.0  736.2   3.2  -6.1  48.4     .4    6.2   6.2 184.2   5.6 -105.25703  40.01468    .6 249.8  2640.7   .5   .2  1.3   .1   .3   .3
 200.0  730.8   4.1  -7.4  39.7    1.1    4.4   4.5 193.8   6.0 -105.25691  40.01495    .6 252.1  2700.7   .5   .3  1.2   .1   .3   .3
 210.0  725.3   4.6  -9.3  32.9    1.3    2.5   2.9 207.5   6.2 -105.25673  40.01507    .6 252.8  2762.4   .7   .1  1.6   .1   .3   .3
 220.0  720.5   4.7 -11.2  28.6    1.3     .4   1.4 251.7   5.5 -105.25655  40.01505    .6 252.1  2817.1   .9   .1   .4   .2   .3   .4
 230.0  716.1   4.5 -12.3  27.6    1.1   -1.8   2.1 329.5   4.9 -105.25648  40.01481    .6 249.5  2866.0   .3  0.0   .3   .2   .3   .3
 240.0  711.2   4.1 -13.0  26.8    1.2   -3.0   3.2 338.9   5.6 -105.25643  40.01461    .6 247.4  2921.9   .3  0.0   .4   .1   .2   .3
 250.0  705.6   3.6 -13.8  25.7    1.6   -3.6   3.9 335.7   6.4 -105.25624  40.01442    .6 244.8  2986.2   .2  0.0   .4   .1   .2   .3
 260.0  700.1   3.2 -14.7  24.8    2.8   -4.2   5.0 326.2   6.3 -105.25580  40.01429    .6 241.8  3049.5   .4   .1   .4   .2   .3   .4
 270.0  694.8   2.7 -15.3  24.8    3.6   -4.1   5.4 319.1   6.2 -105.25492  40.01404    .5 235.1  3111.5   .6   .4   .3   .2   .2   .3
 280.0  689.6   2.2 -15.7  25.2    4.4   -4.4   6.2 314.7   6.0 -105.25338  40.01382    .4 222.2  3171.7   .5   .4   .4   .2   .2   .3
 290.0  684.9   1.7 -15.8  25.9    5.5   -5.5   7.8 314.8   5.6 -105.25165  40.01334    .4 200.8  3227.6   .7   .1   .6   .2   .2   .3
 300.0  678.1   1.3 -15.9  26.9    6.1   -4.8   7.8 308.5   8.0 -105.25075  40.01249    .5 187.8  3307.5  4.5   .1   .5   .2   .3   .4
 310.0  672.8    .7 -15.8  27.9    6.1   -4.1   7.3 304.0   6.3 -105.25037  40.01183    .5 183.3  3370.6  3.2  0.0   .3   .2   .2   .2
 320.0  669.1    .1 -15.8  29.3    5.9   -3.8   7.1 302.8   4.4 -105.24993  40.01146    .6 179.4  3414.5   .3   .1   .3   .2   .2   .3
 330.0  664.2   -.4 -15.8  30.6    5.7   -3.5   6.7 301.5   5.8 -105.24940  40.01114    .6 175.3  3473.0   .3   .1   .3   .2   .2   .3
 340.0  659.8   -.9 -15.8  31.5    5.9   -3.5   6.9 300.8   5.4 -105.24882  40.01079    .7 171.3  3527.1   .2  0.0   .3   .2   .2   .3
 350.0  655.0  -1.5 -16.0  31.9    5.8   -3.4   6.8 300.1   5.8 -105.24817  40.01048    .7 167.2  3584.7   .3  0.0   .4   .2   .2   .3
 360.0  650.2  -1.9 -16.4  31.9    6.5   -3.3   7.3 296.7   5.8 -105.24740  40.01016    .8 163.0  3642.9   .3  0.0   .3   .2   .2   .3
 370.0  645.9  -2.4 -16.7  32.7    7.5   -2.6   7.9 289.3   5.3 -105.24660  40.00995    .8 158.8  3695.6   .2  0.0   .3   .1   .2   .2
 380.0  641.6  -2.9 -16.8  33.8    7.9   -2.2   8.2 285.3   5.3 -105.24574  40.00971    .9 154.9  3748.7   .1  0.0   .3   .1   .1   .2
 390.0  636.9  -3.5 -16.8  35.0    8.0   -2.1   8.3 284.7   5.8 -105.24505  40.00954    .9 152.0  3806.7   .1  0.0   .4   .1   .2   .2
 400.0  632.3  -4.0 -17.0  35.8    7.9   -2.2   8.2 285.7   5.8 -105.24431  40.00937    .9 149.1  3864.2   .2  0.0   .3   .1   .2   .2
 410.0  627.9  -4.6 -17.2  36.6    7.7   -2.6   8.1 288.5   5.5 -105.24349  40.00915   1.0 146.4  3919.2   .3  0.0   .3   .1   .2   .2
 420.0  623.6  -5.1 -17.5  36.7    7.7   -2.7   8.2 289.4   5.4 -105.24256  40.00894   1.1 143.6  3973.2   .1  0.0   .3   .1   .2   .2
 430.0  619.0  -5.6 -17.9  37.1    8.1   -2.8   8.6 289.3   5.8 -105.24154  40.00885   1.1 140.4  4031.2   .3   .1   .8   .1   .2   .2
 440.0  614.1  -6.1 -18.1  38.8    8.5   -2.8   8.9 288.1   6.3 -105.24032  40.00863   1.2 137.3  4094.0   .2   .1   .3   .1   .2   .2
 450.0  609.6  -6.7 -18.0  40.8    9.6   -2.4   9.9 283.8   5.7 -105.23878  40.00848   1.3 133.6  4151.1   .3  0.0   .5   .1   .2   .2
 460.0  605.5  -7.2 -18.0  42.0   10.1   -2.3  10.3 282.7   5.3 -105.23704  40.00828   1.4 130.2  4203.7   .2  0.0  0.0   .2   .2   .3
 470.0  601.1  -7.7 -18.5  40.7   10.4   -2.7  10.7 284.4   5.7 -105.23551  40.00793   1.6 128.2  4261.1   .2  0.0   .9   .2   .2   .3
 480.0  596.8  -8.2 -19.3  39.9   10.9   -2.7  11.2 283.9   5.5 -105.23421  40.00768   1.7 126.6  4315.7   .2  0.0  1.3   .2   .2   .3
 490.0  592.7  -8.7 -19.8  40.6   11.3   -2.8  11.6 284.0   5.4 -105.23278  40.00730   1.8 125.4  4370.0   .2  0.0  1.3   .2   .2   .3
 500.0  588.3  -9.3 -19.7  43.6   12.0   -2.8  12.4 283.2   5.7 -105.23175  40.00703   1.9 124.6  4427.5   .4  0.0  1.2   .2   .2   .3
 510.0  583.9  -9.8 -19.6  45.4   12.5   -2.5  12.8 281.4   5.8 -105.23024  40.00680   2.0 123.1  4485.7   .3   .1  4.9   .2   .3   .3
 520.0  579.9 -10.2 -21.0  36.6   13.3   -2.4  13.5 280.1   5.3 -105.22829  40.00659   2.2 121.2  4538.8   .2   .1  4.4   .2   .2   .3
 530.0  576.1 -10.4 -25.1  22.6   13.6   -3.0  13.9 282.6   5.0 -105.22642  40.00631   2.3 119.8  4588.5   .2   .1  2.9   .1   .2   .3
 540.0  572.5 -10.7 -31.1  13.0   13.8   -4.6  14.5 288.3   4.8 -105.22468  40.00581   2.5 119.2  4636.6   .1  0.0  3.1   .1   .3   .3
 550.0  569.2 -10.9 -37.2   7.7   13.8   -6.1  15.1 293.8   4.5 -105.22315  40.00522   2.6 119.1  4682.1   .3  0.0   .3   .1   .2   .3
 560.0  565.9 -11.2 -41.8   6.0   13.4   -7.3  15.3 298.7   4.4 -105.22194  40.00435   2.8 119.8  4726.4   .2  0.0   .7   .1   .2   .2
 570.0  562.2 -11.6 -44.3   5.0   13.2   -7.7  15.3 300.3   5.0 -105.22050  40.00359   2.9 120.1  4776.7   .2  0.0   .6   .1   .2   .2
 580.0  558.2 -12.1 -46.8   4.0   13.1   -7.3  15.0 298.9   5.4 -105.21904  40.00291   3.0 120.1  4830.7   .2  0.0   .4   .1   .2   .3
 590.0  554.2 -12.4 -50.9   2.2   13.5   -7.1  15.2 297.7   5.5 -105.21726  40.00224   3.2 119.9  4885.6   .2  0.0   .5   .1   .2   .3
 600.0  550.6 -12.7 -57.6   1.0   13.5   -7.1  15.2 297.8   5.0 -105.21534  40.00157   3.4 119.6  4935.5   .2   .1  0.0   .1   .2   .2
 610.0  546.8 -13.0 -62.2   1.0   13.2   -7.1  15.0 298.3   5.2 -105.21367  40.00094   3.6 119.5  4987.8   .4   .1  0.0   .1   .2   .2
 620.0  542.8 -13.3 -62.4   1.0   12.6   -7.6  14.8 301.1   5.7 -105.21147  40.00061   3.7 118.5  5044.4   .3   .1  0.0   .1   .2   .3
 630.0  538.8 -13.7 -62.7   1.0   12.1   -7.8  14.4 302.8   5.7 -105.20943  40.00003   3.9 118.2  5101.2   .3   .1  0.0   .1   .2   .2
 640.0  534.8 -14.2 -63.0   1.0   11.6   -8.5  14.3 306.4   5.6 -105.20763  39.99943   4.1 118.0  5157.5   .4   .1  0.0   .1   .2   .2
 650.0  531.0 -14.6 -63.4   1.0   11.2   -9.1  14.4 309.3   5.4 -105.20602  39.99875   4.2 118.0  5211.2   .2  0.0  0.0   .1   .2   .2
 660.0  527.1 -15.1 -63.7   1.0   10.7  -10.0  14.6 313.0   5.5 -105.20478  39.99780   4.4 118.6  5266.7   .1  0.0  0.0   .1   .2   .2
 670.0  523.0 -15.6 -64.1   1.0   10.2  -10.5  14.6 316.0   6.0 -105.20373  39.99680   4.5 119.3  5326.5   .2   .1  0.0   .2   .2   .2
 680.0  518.6 -16.2 -64.5   1.0    9.6  -10.8  14.5 318.1   6.3 -105.20294  39.99557   4.6 120.3  5389.4   .2  0.0  0.0   .2   .2   .3
 690.0  514.2 -16.8 -65.0   1.0    8.7  -11.1  14.1 321.9   6.5 -105.20213  39.99456   4.8 121.1  5454.0   .1  0.0  0.0   .2   .3   .3
 700.0  510.2 -17.4 -65.5   1.0    8.2  -10.8  13.5 322.8   5.7 -105.20122  39.99358   4.9 121.7  5511.4   .1  0.0  0.0   .2   .2   .3
 710.0  506.0 -18.0 -65.9   1.0    8.7  -10.2  13.4 319.5   6.2 -105.20031  39.99265   5.0 122.2  5573.6   .3  0.0  0.0   .2   .2   .3
 720.0  501.4 -18.6 -66.4   1.0    9.3   -9.8  13.5 316.6   6.9 -105.19924  39.99174   5.1 122.6  5642.3   .4  0.0  0.0   .2   .2   .3
 730.0  497.5 -19.1 -66.8   1.0    9.8   -9.6  13.7 314.3   5.8 -105.19821  39.99087   5.3 123.0  5700.5   .1  0.0  0.0   .2   .3   .3
 740.0  493.9 -19.4 -67.1   1.0    9.8   -9.5  13.7 314.0   5.3 -105.19710  39.98998   5.4 123.4  5753.5   .1   .1  0.0   .1   .2   .3
 750.0  490.2 -19.9 -67.5   1.0   10.4   -8.7  13.6 309.9   5.7 -105.19586  39.98911   5.5 123.6  5810.4   .1  0.0  0.0  2.8   .6  2.9
 760.0  486.2 -20.4 -67.8   1.0   11.5   -8.7  14.4 307.2   5.9 -105.19466  39.98835   5.7 123.7  5869.9   .2  0.0  0.0  2.6   .5  2.7
 770.0  482.2 -21.0 -68.3   1.0   13.5   -9.2  16.3 304.3   6.2 -105.19335  39.98746   5.8 123.9  5931.8   .2  0.0  0.0  2.9   .6  2.9
 780.0  478.5 -21.5 -68.7   1.0   10.2   -9.0  13.6 311.5   5.6 -105.19211  39.98665   6.0 124.1  5988.2   .1  0.0  0.0  2.6   .6  2.7
 790.0  475.1 -21.9 -69.0   1.0    1.9  -10.1  10.3 349.3   5.3 -105.19103  39.98556   6.1 124.5  6041.0   .1  0.0  0.0  2.7   .6  2.8
 800.0  471.5 -22.4 -69.4   1.0   12.4   -9.5  15.6 307.6   5.6 -105.18990  39.98458   6.2 124.9  6096.9   .2  0.0  0.0   .1   .2   .3
 810.0  467.8 -22.9 -68.8   1.2   13.2   -9.8  16.4 306.6   5.8 -105.18881  39.98375   6.4 125.1  6155.1   .2  0.0   .4   .1   .2   .3
 820.0  464.2 -23.3 -63.6   2.9   13.5   -9.3  16.4 304.5   5.6 -105.18739  39.98304   6.5 125.0  6210.9   .3  0.0   .1   .1   .2   .3
 830.0  461.2 -23.7 -58.4   4.6   13.8   -8.2  16.1 300.6   4.7 -105.18579  39.98234   6.7 124.9  6257.8   .2  0.0  1.0   .2   .2   .3
 840.0  458.3 -24.1 -57.0   4.4   14.0   -7.7  16.0 298.7   4.7 -105.18397  39.98160   6.8 124.7  6304.8   .3  0.0   .8   .1   .2   .3
 850.0  455.0 -24.6 -57.3   4.5   13.8   -8.1  16.0 300.3   5.2 -105.18216  39.98081   7.0 124.6  6356.9   .2  0.0   .9   .1   .2   .3
 860.0  451.7 -25.0 -56.9   5.2   13.9   -8.7  16.4 301.9   5.2 -105.17979  39.98000   7.2 124.3  6409.4   .1   .1   .8   .2   .2   .3
 870.0  448.8 -25.4 -57.2   4.6   14.1   -9.2  16.8 303.0   4.7 -105.17732  39.97925   7.5 123.9  6456.3   .2  0.0   .8   .2   .2   .2
 880.0  446.0 -25.7 -57.2   5.6   14.6   -9.6  17.5 303.4   4.5 -105.17511  39.97834   7.7 123.7  6501.7   .1   .1  1.1   .1   .2   .2
 890.0  443.0 -26.1 -53.9   9.1   15.0   -9.4  17.7 302.2   4.9 -105.17353  39.97761   7.8 123.7  6550.4   .1  0.0   .8   .1   .2   .3
 900.0  440.0 -26.6 -51.3  10.8   15.1   -9.2  17.6 301.3   5.0 -105.17178  39.97684   8.0 123.6  6600.8   .1  0.0   .4   .1   .2   .2
 910.0  437.5 -26.9 -50.9  10.7   15.5   -8.8  17.8 299.5   4.1 -105.16974  39.97605   8.2 123.4  6641.5   .3  0.0   .4   .2   .2   .3
 920.0  435.0 -27.2 -52.4   8.4   16.0   -8.3  18.0 297.4   4.1 -105.16804  39.97537   8.4 123.3  6682.6   .1  0.0   .8   .2   .2   .3
 930.0  432.3 -27.6 -54.5   7.5   16.2   -8.2  18.2 296.8   4.5 -105.16656  39.97460   8.5 123.3  6727.7   .3  0.0  1.8   .1   .2   .2
 940.0  429.9 -28.0 -52.8  12.0   16.2   -8.3  18.2 297.1   4.0 -105.16513  39.97375   8.7 123.4  6767.9   .2  0.0   .5   .1   .2   .2
 950.0  427.2 -28.3 -49.1  17.3   15.5   -9.0  17.9 300.0   4.4 -105.16343  39.97292   8.8 123.4  6811.8  0.0  0.0   .7   .1   .2   .3
 960.0  424.3 -28.7 -47.3  19.2   15.0   -9.1  17.5 301.1   4.9 -105.16169  39.97212   9.0 123.3  6860.8  0.0  0.0   .7   .1   .2   .3
 970.0  421.6 -29.1 -47.2  18.9   14.8   -8.8  17.2 300.7   4.7 -105.16008  39.97136   9.2 123.3  6907.7   .2  0.0   .3   .1   .2   .2
 980.0  418.9 -29.5 -48.1  17.2   14.7   -7.7  16.6 297.6   4.6 -105.15810  39.97082   9.3 123.0  6953.5   .2  0.0   .4   .1   .2   .3
 990.0  416.2 -29.8 -49.2  16.2   14.9   -6.9  16.4 294.9   4.5 -105.15603  39.97026   9.5 122.8  6998.5   .2  0.0   .4   .1   .2   .3
1000.0  413.5 -30.1 -50.2  15.1   15.2   -6.6  16.6 293.3   4.7 -105.15407  39.96960   9.7 122.6  7045.5   .3  0.0   .5   .1   .1   .2
1010.0  411.0 -30.4 -51.2  14.0   15.3   -6.6  16.7 293.3   4.2 -105.15241  39.96888   9.9 122.6  7087.8   .2  0.0   .5   .1   .2   .3
1020.0  408.5 -30.7 -52.0  13.6   15.2   -7.2  16.9 295.4   4.4 -105.15059  39.96811  10.0 122.5  7131.4   .1  0.0   .6   .1   .2   .3
1030.0  405.8 -31.0 -52.5  13.4   15.2   -8.3  17.3 298.4   4.8 -105.14874  39.96734  10.2 122.4  7179.4   .2  0.0  1.0   .1   .2   .2
1040.0  403.1 -31.4 -53.2  12.3   15.1   -8.8  17.5 300.1   4.7 -105.14637  39.96661  10.4 122.2  7225.9   .1  0.0   .5   .1   .2   .2
1050.0  400.4 -31.7 -54.4  11.3   14.9   -8.5  17.2 299.8   4.7 -105.14459  39.96609  10.6 122.0  7273.3   .1  0.0   .3   .2   .3   .3
1060.0  397.8 -32.1 -55.3  11.0   14.8   -8.0  16.8 298.6   4.7 -105.14307  39.96555  10.7 121.9  7320.3   .2  0.0  0.0   .2   .3   .3
1070.0  395.0 -32.5 -55.8  11.0   14.7   -7.4  16.4 296.9   4.9 -105.14135  39.96490  10.9 121.8  7369.3   .2  0.0  0.0   .2   .3   .3
1080.0  392.1 -32.9 -56.2  11.0   14.5   -7.0  16.1 295.9   5.2 -105.13934  39.96430  11.1 121.7  7421.5   .2  0.0  0.0   .2   .3   .3
1090.0  388.9 -33.4 -56.6  11.0   14.7   -7.2  16.3 296.2   5.8 -105.13754  39.96364  11.2 121.6  7479.3   .1   .1  0.0   .2   .3   .3
1100.0  384.4 -34.1 -56.6  12.3   14.8   -7.8  16.8 297.8   8.1 -105.13564  39.96276  11.4 121.6  7560.4  3.2   .7  1.9   .2   .2   .3
1110.0  381.8 -34.5 -56.1  13.7   14.9   -8.2  17.0 298.7   4.8 -105.13387  39.96184  11.6 121.6  7608.5  2.3   .5  1.5   .2   .2   .3
1120.0  380.6 -34.7 -55.6  14.5   15.1   -8.7  17.4 299.9   2.1 -105.13288  39.96092  11.7 121.8  7629.0   .1  0.0   .3   .2   .3   .3
1130.0  378.0 -35.1 -55.2  15.9   15.4   -8.6  17.6 299.2   4.9 -105.13205  39.96002  11.9 122.0  7678.0   .2  0.0   .3   .2   .3   .3
1140.0  375.2 -35.5 -54.5  17.9   15.8   -8.1  17.7 297.2   5.1 -105.13049  39.95922  12.0 122.1  7728.7   .3   .1   .4   .2   .3   .3
1150.0  369.6 -36.0 -53.8  20.2   15.9   -7.4  17.5 294.9  10.6 -105.12866  39.95855  12.2 122.0  7834.4  7.0  0.0   .3   .2   .2   .3
1160.0  366.7 -36.5 -53.3  22.0   15.8   -7.0  17.3 293.8   5.4 -105.12678  39.95794  12.4 121.8  7888.0  9.0  0.0   .3   .2   .2   .3
1170.0  366.5 -37.0 -53.1  23.3   16.0   -7.1  17.5 294.1    .4 -105.12489  39.95731  12.5 121.7  7892.0   .4   .1   .6   .2   .2   .3
1180.0  363.1 -37.6 -52.7  26.3   16.1   -8.1  18.0 296.7   6.4 -105.12321  39.95644  12.7 121.8  7955.6   .3   .1  1.1   .2   .2   .3
1190.0  360.4 -38.1 -51.9  30.5   16.2   -8.7  18.4 298.2   5.2 -105.12172  39.95551  12.9 121.9  8007.6   .1  0.0   .5   .2   .2   .3
1200.0  358.0 -38.5 -51.3  33.0   16.2   -8.8  18.5 298.6   4.6 -105.12000  39.95478  13.0 121.8  8054.0  0.0  0.0   .3   .1   .2   .3
1210.0  355.1 -38.9 -51.1  34.4   16.2   -8.4  18.2 297.3   5.6 -105.11832  39.95434  13.2 121.7  8110.2   .2   .1   .4   .2   .3   .3
1220.0  351.5 -39.4 -51.2  35.1   17.2   -6.2  18.3 289.8   6.9 -105.11616  39.95381  13.4 121.5  8179.4   .3  0.0   .4   .2   .3   .4
1230.0  348.1 -39.9 -51.6  35.2   17.3   -5.2  18.0 286.7   6.6 -105.11308  39.95288  13.7 121.3  8245.1   .2  0.0   .3   .2   .3   .3
1240.0  345.6 -40.4 -52.2  34.7   17.0   -5.4  17.8 287.7   5.0 -105.11029  39.95216  13.9 121.0  8295.1   .1  0.0   .3   .2   .2   .3
1250.0  343.0 -40.8 -52.8  34.2   16.5   -6.4  17.7 291.1   5.1 -105.10786  39.95155  14.1 120.8  8346.4   .2  0.0   .3   .2   .2   .3
1260.0  339.9 -41.3 -53.4  33.8   16.2   -6.9  17.6 293.2   6.1 -105.10576  39.95079  14.3 120.8  8407.9   .3  0.0   .4   .2   .2   .3
1270.0  336.8 -41.8 -54.2  31.9   16.2   -7.1  17.7 293.8   6.3 -105.10374  39.95010  14.5 120.7  8471.4   .2  0.0   .1   .1   .2   .2
1280.0  334.2 -42.2 -55.3  29.8   16.4   -6.8  17.8 292.3   5.1 -105.10181  39.94965  14.7 120.5  8521.9   .1   .1   .3   .1   .2   .2
1290.0  331.8 -42.6 -56.3  28.1   16.3   -6.3  17.5 291.3   5.0 -105.09982  39.94923  14.8 120.3  8572.1   .1  0.0   .4   .2   .2   .3
1300.0  329.3 -43.0 -57.3  26.5   16.6   -6.0  17.7 289.7   5.0 -105.09790  39.94878  15.0 120.2  8622.6   .1  0.0   .4   .2   .2   .3
1310.0  327.0 -43.4 -58.1  26.0   17.2   -5.2  18.0 286.8   4.8 -105.09599  39.94827  15.2 120.0  8670.5   .1  0.0  0.0   .2   .2   .3
1320.0  324.6 -43.9 -58.7  26.0   17.3   -5.7  18.2 288.2   4.9 -105.09402  39.94772  15.3 119.9  8719.2   .1  0.0  0.0   .2   .2   .3
1330.0  322.3 -44.3 -59.1  26.0   16.9   -5.5  17.8 288.0   4.8 -105.09164  39.94755  15.5 119.6  8767.2   .1  0.0  0.0   .2   .2   .3
1340.0  320.1 -44.8 -59.6  26.3   16.6   -5.4  17.5 288.1   4.5 -105.08919  39.94753  15.7 119.2  8812.5   .1  0.0   .3   .2   .2   .3
1350.0  317.9 -45.2 -59.9  26.8   16.9   -5.1  17.6 286.9   4.6 -105.08691  39.94737  15.9 119.0  8858.2   .1   .1   .3   .2   .2   .2
1360.0  315.7 -45.6 -60.0  27.5   17.5   -5.0  18.2 286.1   4.6 -105.08499  39.94694  16.1 118.8  8904.5   .1   .1   .3   .2   .2   .3
1370.0  313.5 -46.0 -60.1  28.7   17.8   -5.0  18.5 285.8   4.6 -105.08317  39.94642  16.2 118.7  8950.7   .1  0.0   .4   .2   .2   .3
1380.0  311.4 -46.4 -60.0  30.7   17.8   -6.1  18.9 289.0   4.5 -105.08142  39.94574  16.4 118.7  8995.2   .2  0.0   .4   .1   .2   .3
1390.0  309.4 -46.6 -59.7  33.0   17.9   -7.1  19.2 291.7   4.3 -105.07961  39.94512  16.6 118.7  9038.3   .1  0.0   .4   .2   .3   .3
1400.0  307.4 -46.9 -59.4  34.7   17.8   -7.8  19.4 293.6   4.3 -105.07756  39.94455  16.7 118.6  9081.2   .1  0.0   .3   .1   .2   .3
1410.0  305.5 -47.2 -59.3  36.1   17.8   -7.9  19.5 294.0   4.2 -105.07544  39.94400  16.9 118.5  9123.6   .1  0.0   .3   .1   .2   .2
1420.0  303.4 -47.6 -59.3  37.6   17.8   -7.6  19.4 293.1   4.5 -105.07324  39.94333  17.1 118.4  9168.5   .1  0.0   .3   .1   .2   .2
1430.0  301.5 -48.0 -59.3  39.1   17.7   -7.5  19.2 293.1   4.2 -105.07095  39.94259  17.3 118.3  9210.2   .1  0.0   .3   .1   .2   .2
1440.0  299.7 -48.4 -59.4  40.2   17.7   -7.6  19.3 293.3   3.9 -105.06877  39.94188  17.5 118.2  9249.3  0.0  0.0   .4   .1   .2   .2
1450.0  297.9 -48.7 -59.5  41.0   17.8   -7.8  19.4 293.5   4.1 -105.06655  39.94121  17.7 118.2  9290.0  0.0  0.0   .4   .1   .2   .2
1460.0  296.0 -49.1 -59.7  41.8   18.0   -7.8  19.7 293.5   4.1 -105.06473  39.94032  17.9 118.2  9330.8  0.0  0.0   .3   .1   .2   .2
1470.0  294.2 -49.4 -60.0  42.0   18.2   -7.8  19.8 293.3   4.0 -105.06321  39.93941  18.1 118.3  9371.0   .1  0.0  0.0   .1   .2   .2
1480.0  292.1 -49.8 -60.5  41.2   18.3   -8.1  20.0 293.7   4.6 -105.06161  39.93854  18.3 118.4  9417.2   .2  0.0   .4   .1   .2   .2
1490.0  289.6 -50.3 -61.2  39.8   18.6   -8.3  20.3 293.9   5.7 -105.05966  39.93772  18.4 118.4  9474.6   .2   .1   .3   .1   .2   .2
1500.0  287.4 -50.8 -62.0  38.5   18.6   -8.2  20.3 293.9   4.9 -105.05767  39.93698  18.6 118.3  9523.6   .1  0.0   .4   .1   .2   .2
1510.0  285.5 -51.2 -62.7  38.0   18.4   -8.4  20.2 294.5   4.4 -105.05569  39.93631  18.8 118.3  9567.9   .2  0.0  0.0   .1   .2   .3
1520.0  283.6 -51.6 -63.2  38.3   18.3   -8.5  20.2 295.0   4.3 -105.05368  39.93560  19.0 118.3  9610.9   .1   .1   .3   .1   .2   .3
1530.0  281.8 -52.0 -63.5  39.2   18.0   -8.4  19.8 295.1   4.1 -105.05166  39.93483  19.2 118.2  9651.8   .1  0.0   .4   .2   .2   .3
1540.0  280.0 -52.4 -63.7  40.4   17.6   -8.2  19.4 295.1   4.2 -105.04959  39.93384  19.4 118.3  9694.1   .1  0.0   .3   .2   .2   .3
1550.0  278.2 -52.7 -63.9  41.0   17.4   -8.2  19.3 295.2   4.0 -105.04750  39.93284  19.6 118.3  9733.8   .2   .1  0.0   .2   .2   .3
1560.0  276.4 -53.0 -64.1  41.0   17.6   -8.3  19.4 295.2   4.2 -105.04537  39.93200  19.8 118.3  9775.4   .1  0.0  0.0   .2   .2   .3
1570.0  274.7 -53.3 -64.4  40.8   17.7   -8.5  19.7 295.5   4.1 -105.04327  39.93116  20.0 118.3  9816.6   .1  0.0   .3   .2   .3   .3
1580.0  272.9 -53.6 -64.9  40.3   17.7   -8.4  19.5 295.3   4.1 -105.04109  39.93043  20.2 118.2  9857.5   .2   .1   .3   .2   .2   .3
1590.0  271.2 -53.9 -65.3  40.0   17.7   -7.5  19.2 293.1   4.1 -105.03881  39.92994  20.4 118.1  9899.0   .1  0.0  0.0   .2   .2   .3
1600.0  269.4 -54.1 -65.7  39.5   17.6   -6.8  18.8 291.1   4.2 -105.03665  39.92952  20.6 118.0  9940.6   .1  0.0   .3   .2   .2   .3
1610.0  267.6 -54.4 -66.1  39.0   17.5   -6.2  18.6 289.4   4.4 -105.03477  39.92902  20.8 117.9  9985.0   .1  0.0  0.0   .2   .2   .3
1620.0  265.8 -54.7 -66.5  38.7   17.7   -6.1  18.7 289.1   4.2 -105.03286  39.92844  20.9 117.9 10026.6   .1  0.0   .4   .2   .2   .3
1630.0  264.1 -55.0 -66.9  38.3   17.9   -6.4  19.0 289.6   4.1 -105.03088  39.92787  21.1 117.8 10067.7   .1  0.0   .3   .2   .2   .3
1640.0  262.4 -55.4 -67.4  38.0   17.9   -6.6  19.0 290.1   4.3 -105.02899  39.92727  21.3 117.8 10110.5  0.0  0.0  0.0   .1   .2   .2
1650.0  260.6 -55.7 -67.8  37.5   17.6   -6.0  18.6 288.7   4.4 -105.02703  39.92682  21.5 117.7 10154.3   .1   .1   .3   .1   .2   .2
1660.0  258.8 -56.1 -68.3  37.0   17.5   -5.4  18.3 287.2   4.3 -105.02491  39.92630  21.7 117.6 10197.6   .1  0.0  0.0   .1   .2   .2
1670.0  257.0 -56.5 -68.8  37.2   17.7   -5.2  18.4 286.3   4.4 -105.02282  39.92569  21.8 117.5 10241.6   .1  0.0   .3   .1   .2   .2
1680.0  255.1 -56.8 -69.1  37.7   18.1   -5.1  18.8 285.8   4.6 -105.02071  39.92514  22.0 117.4 10287.8   .1  0.0   .3   .1   .1   .2
1690.0  253.3 -57.3 -69.5  38.0   18.6   -5.1  19.3 285.3   4.6 -105.01863  39.92477  22.2 117.3 10334.3   .1  0.0  0.0   .1   .2   .2
1700.0  251.5 -57.7 -69.9  38.0   19.1   -5.3  19.8 285.4   4.6 -105.01655  39.92429  22.4 117.2 10379.8   .1  0.0  0.0   .1   .2   .2
1710.0  249.7 -58.1 -70.3  38.0   19.4   -5.2  20.1 285.0   4.5 -105.01446  39.92394  22.6 117.1 10425.3   .1  0.0  0.0   .1   .2   .2
1720.0  247.8 -58.4 -70.7  38.0   19.9   -5.4  20.6 285.1   4.6 -105.01216  39.92346  22.8 117.0 10471.6   .1  0.0  0.0   .1   .2   .2
1730.0  246.0 -58.7 -71.1  38.0   20.0   -5.5  20.8 285.4   4.7 -105.00990  39.92292  23.0 116.9 10519.0   .1  0.0  0.0   .1   .2   .2
1740.0  244.2 -58.9 -71.4  37.7   19.8   -5.7  20.6 286.2   4.6 -105.00758  39.92238  23.2 116.8 10564.7   .2  0.0   .3   .1   .2   .2
1750.0  242.2 -59.0 -71.7  37.2   19.8   -6.1  20.7 287.2   5.0 -105.00512  39.92161  23.4 116.8 10615.0   .2  0.0   .3   .1   .2   .2
1760.0  240.2 -59.1 -71.9  36.8   19.7   -7.0  20.9 289.6   5.2 -105.00247  39.92081  23.6 116.7 10667.1   .2  0.0   .4   .2   .2   .2
1770.0  238.4 -59.1 -72.1  36.3   20.4   -7.4  21.7 290.1   4.7 -105.00013  39.91989  23.9 116.7 10714.5   .1   .1   .3   .2   .2   .3
1780.0  236.5 -59.3 -72.3  35.6   21.3   -8.2  22.8 291.0   5.1 -104.99746  39.91900  24.1 116.7 10765.0   .1  0.0   .3   .2   .2   .3
1790.0  234.6 -59.5 -72.7  35.1   22.3   -7.9  23.7 289.6   4.9 -104.99478  39.91842  24.3 116.6 10814.1   .1  0.0   .3   .2   .2   .3
1800.0  232.9 -59.8 -73.1  34.6   22.1   -7.7  23.4 289.2   4.5 -104.99223  39.91781  24.6 116.5 10859.5   .1  0.0   .3   .2   .2   .3
1810.0  231.3 -60.1 -73.6  34.0   22.0   -7.5  23.2 288.8   4.4 -104.98970  39.91729  24.8 116.4 10903.4   .1  0.0  0.0   .2   .2   .3
1820.0  229.7 -60.3 -73.9  33.8   21.8   -7.7  23.1 289.4   4.4 -104.98742  39.91659  25.0 116.4 10947.4   .1  0.0   .3   .2   .2   .2
1830.0  228.2 -60.4 -74.2  33.3   21.3   -7.7  22.6 289.8   4.1 -104.98514  39.91592  25.2 116.3 10988.2 99.0 99.0 99.0   .2   .2   .3
1840.0  226.7 -60.4 -74.3  33.0   20.8   -7.5  22.1 289.7   4.0 -104.98241  39.91545  25.4 116.2 11027.8   .1   .1  0.0   .1   .2   .2
1850.0  225.2 -60.4 -74.5  32.8   20.8   -7.6  22.2 290.0   4.2 -104.97965  39.91488  25.7 116.1 11070.2  0.0  0.0   .3   .1   .2   .2
1860.0  223.6 -60.6 -74.7  32.4   20.9   -8.1  22.4 291.2   4.4 -104.97709  39.91410  25.9 116.0 11114.0   .1  0.0   .4   .1   .2   .2
1870.0  222.1 -60.7 -74.9  32.1   20.9   -8.8  22.6 292.8   4.1 -104.97439  39.91337  26.1 116.0 11155.1   .1   .1   .3   .1   .2   .2
1880.0  221.5 -60.4 -74.9  31.5   20.7   -9.3  22.7 294.3   1.7 -104.97168  39.91257  26.4 115.9 11172.6  2.2   .4  2.0   .1   .2   .3
1890.0  219.3 -60.5 -74.9  31.1   20.4  -10.0  22.7 296.2   6.4 -104.96952  39.91120  26.6 116.0 11236.1  1.8   .3  1.8   .1   .3   .3
1900.0  217.9 -60.4 -75.2  29.8   20.1  -11.5  23.1 299.8   3.8 -104.96718  39.91017  26.9 116.1 11274.0  2.3   .3  1.9   .1   .3   .3
1910.0  216.5 -59.9 -75.2  29.0   19.7  -12.9  23.5 303.2   4.1 -104.96523  39.90884  27.1 116.2 11315.1  2.1   .5  1.8   .1   .3   .3
1920.0  212.4 -59.3 -74.7  29.1   19.5  -13.6  23.8 305.0  11.9 -104.96326  39.90726  27.3 116.4 11434.1  6.0   .6  2.0   .1   .3   .3
1930.0  210.7 -58.8 -74.2  27.9   19.2  -13.8  23.6 305.7   5.2 -104.96109  39.90573  27.5 116.5 11486.4  4.9   .5  1.6   .1   .2   .3
1940.0  211.9 -58.5 -74.3  25.4   19.3  -13.6  23.6 305.3  -3.6 -104.95893  39.90434  27.8 116.6 11450.3  0.0  0.0   .3   .1   .2   .3
1950.0  210.5 -58.5 -74.9  23.6   19.7  -12.8  23.5 303.0   4.2 -104.95677  39.90348  28.0 116.6 11492.7  0.0  0.0   .3   .2   .3   .3
1960.0  209.0 -58.4 -75.6  21.6   20.0  -11.4  23.0 299.7   4.4 -104.95424  39.90277  28.2 116.6 11537.2   .1   .1   .3   .2   .3   .3
1970.0  207.5 -58.3 -76.2  19.7   20.4  -10.7  23.1 297.6   4.6 -104.95163  39.90204  28.4 116.5 11582.9   .1   .1   .2   .2   .3   .4
1980.0  205.9 -58.2 -76.9  18.1   21.1  -10.3  23.5 295.9   4.6 -104.94905  39.90114  28.7 116.5 11629.2   .1  0.0   .3   .2   .3   .4
1990.0  204.3 -58.3 -77.7  16.7   21.1  -10.5  23.6 296.5   4.9 -104.94659  39.90010  28.9 116.5 11678.0   .1  0.0   .4   .2   .2   .2
2000.0  202.8 -58.3 -78.4  15.3   21.5  -10.6  24.0 296.3   4.9 -104.94409  39.89919  29.2 116.5 11726.9  0.0   .1   .4   .1   .2   .2
2010.0  201.2 -58.4 -79.2  14.3   21.5  -10.5  24.0 296.1   4.9 -104.94162  39.89835  29.4 116.5 11775.8  0.0   .1   .3   .1   .2   .3
2020.0  199.6 -58.5 -79.9  13.2   21.3  -10.5  23.8 296.2   5.0 -104.93889  39.89761  29.6 116.4 11825.6   .1   .1   .3   .1   .2   .2
2030.0  198.0 -58.4 -80.6  12.1   22.1  -10.6  24.5 295.7   5.0 -104.93631  39.89670  29.9 116.4 11875.8   .1   .1   .3   .2   .2   .2
2040.0  196.5 -58.6 -81.4  11.2   22.7  -11.0  25.2 295.8   5.0 -104.93398  39.89545  30.1 116.5 11925.6  0.0   .1   .3   .1   .2   .2
2050.0  194.9 -58.9 -82.3  10.2   23.0  -11.2  25.6 296.1   5.0 -104.93162  39.89420  30.4 116.5 11975.8  0.0  0.0   .3   .2   .2   .2
2060.0  193.4 -59.0 -83.3   9.3   23.1  -11.2  25.6 295.8   4.9 -104.92919  39.89299  30.6 116.6 12025.2   .1   .1   .3   .2   .2   .3
2070.0  191.8 -58.8 -83.8   9.0   23.0  -10.7  25.4 295.0   4.9 -104.92648  39.89181  30.9 116.6 12074.7   .1  0.0  0.0   .2   .2   .3
2080.0  190.4 -58.4 -83.9   8.5   22.4   -9.7  24.4 293.3   4.8 -104.92366  39.89089  31.1 116.6 12122.9   .1   .1   .3   .1   .2   .3
2090.0  188.9 -58.0 -83.9   8.0   21.9   -8.6  23.6 291.4   4.9 -104.92073  39.89051  31.4 116.5 12171.9   .1   .1  0.0   .1   .2   .2
2100.0  187.4 -57.9 -84.2   7.4   21.8   -8.5  23.4 291.3   4.9 -104.91770  39.89025  31.6 116.3 12220.8   .1  0.0   .3   .1   .2   .2
2110.0  186.0 -57.4 -84.6   6.8   21.7   -8.8  23.4 292.2   4.8 -104.91544  39.88944  31.8 116.3 12269.2   .1   .2   .3   .1   .2   .2
2120.0  184.6 -56.9 -84.7   6.3   21.9   -9.0  23.7 292.4   4.9 -104.91356  39.88851  32.0 116.3 12318.2   .1   .2   .3   .1   .2   .2
2130.0  183.2 -56.7 -85.0   5.8   22.0   -9.0  23.7 292.4   4.6 -104.91104  39.88800  32.2 116.2 12364.3   .1   .1   .3   .1   .2   .2
2140.0  181.9 -56.8 -85.7   5.3   21.7   -7.7  23.1 289.6   4.6 -104.90796  39.88774  32.5 116.1 12410.6   .1   .1   .3   .2   .2   .3
2150.0  180.5 -56.8 -86.4   5.0   22.1   -6.4  23.0 286.2   4.8 -104.90524  39.88729  32.7 116.0 12459.1   .1   .1  0.0   .2   .4   .4
2160.0  179.1 -56.7 -87.1   4.5   22.4   -5.5  23.1 283.9   5.0 -104.90250  39.88693  32.9 115.9 12509.3   .1   .1   .3   .2   .3   .4
2170.0  177.7 -56.6 -87.9   4.0   22.9   -5.9  23.6 284.5   5.0 -104.89969  39.88647  33.2 115.8 12559.8   .1   .1  0.0   .2   .3   .3
2180.0  176.2 -56.6 -88.3   4.0   22.8   -6.6  23.7 286.1   5.1 -104.89694  39.88560  33.4 115.7 12610.3   .1   .1  0.0   .2   .3   .4
2190.0  174.9 -56.6 -88.9   3.5   22.1   -9.0  23.9 292.1   5.0 -104.89465  39.88441  33.7 115.8 12660.4   .1   .1   .3   .2   .3   .4
2200.0  173.4 -56.7 -90.1   3.0   21.6  -10.5  24.1 296.0   5.1 -104.89201  39.88333  33.9 115.8 12711.8   .1  0.0  0.0   .2   .2   .3
2210.0  172.0 -56.9 -90.9   3.0   21.3  -11.1  24.0 297.5   5.3 -104.88932  39.88231  34.2 115.8 12764.8   .1  0.0  0.0   .2   .2   .3
2220.0  170.5 -57.0 -91.0   3.0   21.3  -11.3  24.1 298.0   5.4 -104.88670  39.88128  34.4 115.8 12819.0   .1   .1  0.0   .1   .2   .3
2230.0  169.2 -57.0 -91.9   2.5   21.1   -9.8  23.3 295.0   4.9 -104.88396  39.88037  34.7 115.8 12867.8   .1   .1   .3   .1   .2   .3
2240.0  167.9 -57.0 -93.5   2.0   20.3  -10.5  22.9 297.4   4.9 -104.88144  39.87970  34.9 115.7 12917.2   .1   .1  0.0   .2   .2   .3
2250.0  166.5 -57.0 -94.4   2.0   20.3  -10.4  22.8 297.2   5.2 -104.87895  39.87890  35.1 115.7 12968.8   .1  0.0  0.0   .1   .2   .3
2260.0  165.3 -56.9 -94.3   2.0   20.2  -10.9  22.9 298.4   4.8 -104.87677  39.87799  35.4 115.7 13016.3   .1   .1  0.0   .2   .2   .3
2270.0  164.1 -56.6 -94.1   2.0   20.2  -10.9  23.0 298.4   4.7 -104.87474  39.87692  35.6 115.8 13063.6   .1   .1  0.0   .1   .2   .2
2280.0  162.9 -56.2 -93.8   2.0   20.5  -11.1  23.3 298.5   4.6 -104.87279  39.87568  35.8 115.9 13109.4   .1  0.0  0.0   .1   .2   .2
2290.0  161.8 -55.9 -93.4   2.0   19.8  -11.2  22.8 299.6   4.4 -104.87070  39.87457  36.0 115.9 13153.6   .1  0.0  0.0   .1   .2   .2
2300.0  160.7 -55.5 -93.9   1.6   19.3  -10.7  22.1 299.1   4.0 -104.86828  39.87381  36.2 115.9 13193.5   .1   .1   .3   .2   .2   .3
2310.0  159.7 -55.4 -96.3   1.0   18.8  -10.3  21.4 298.9   4.1 -104.86601  39.87292  36.4 115.9 13234.4  0.0   .1  0.0   .2   .2   .3
2320.0  158.7 -55.6 -98.4   1.0   17.4   -9.9  20.0 299.8   4.1 -104.86420  39.87196  36.6 115.9 13275.1  0.0  0.0  0.0   .2   .2   .3
2330.0  157.7 -55.8 -98.6   1.0   16.7  -10.0  19.5 300.9   3.9 -104.86257  39.87095  36.8 116.0 13314.1  0.0   .1  0.0   .2   .2   .3
2340.0  156.8 -55.8 -98.7   1.0   16.9  -10.6  20.0 302.1   3.8 -104.86106  39.86990  37.0 116.1 13351.7  0.0  0.0  0.0   .2   .2   .3
2350.0  156.0 -55.7 -98.7   1.0   18.3  -11.1  21.5 301.3   3.3 -104.85953  39.86891  37.1 116.1 13385.0   .1   .1  0.0   .2   .2   .3
2360.0  155.2 -55.5 -98.5   1.0   18.9  -10.8  21.7 299.7   3.3 -104.85782  39.86795  37.3 116.2 13417.9   .1  0.0  0.0   .2   .2   .3
2370.0  154.4 -55.2 -98.3   1.0   18.9   -8.2  20.6 293.5   3.2 -104.85566  39.86732  37.5 116.2 13450.3  0.0  0.0  0.0   .2   .3   .3
2380.0  153.6 -54.9 -98.0   1.0   19.5   -6.8  20.6 289.2   3.2 -104.85335  39.86678  37.7 116.1 13482.5  0.0  0.0  0.0   .2   .2   .3
2390.0  152.8 -54.8 -97.8   1.0   19.9   -5.7  20.7 286.0   3.5 -104.85072  39.86622  37.9 116.0 13517.3  0.0  0.0  0.0   .2   .2   .3
2400.0  151.9 -54.8 -97.8   1.0   20.2   -5.7  21.0 285.9   3.5 -104.84845  39.86559  38.1 116.0 13552.7  0.0   .1  0.0   .1   .2   .3
2410.0  151.1 -54.8 -98.5    .8   20.2   -5.5  20.9 285.3   3.5 -104.84554  39.86514  38.4 115.9 13587.9  0.0   .1 99.0   .2   .2   .3
2420.0  150.3 -54.8 999.0    .7   19.9   -5.8  20.7 286.3   3.6 -104.84269  39.86469  38.6 115.8 13623.6  0.0  0.0 99.0   .1   .2   .2
2430.0  149.4 -54.9 999.0    .5   19.8   -5.8  20.6 286.3   3.6 -104.83995  39.86412  38.9 115.8 13659.1   .1  0.0 99.0   .1   .2   .3
2440.0  148.6 -54.9 999.0    .4   20.0   -6.7  21.0 288.5   3.6 -104.83767  39.86334  39.1 115.7 13695.1   .1   .1 99.0   .2   .2   .3
2450.0  147.6 -54.9 999.0    .6   20.1   -7.5  21.4 290.5   4.2 -104.83547  39.86255  39.3 115.7 13737.4  0.0  0.0 99.0   .1   .2   .2
2460.0  146.7 -55.0 999.0    .3   20.4   -7.8  21.8 291.0   3.8 -104.83329  39.86186  39.5 115.7 13775.3   .1  0.0 99.0   .1   .2   .3
2470.0  145.8 -55.1 999.0    .3   20.4   -7.2  21.6 289.6   4.1 -104.83107  39.86137  39.7 115.7 13816.1  0.0  0.0 99.0   .2   .3   .3
2480.0  144.8 -55.2 999.0    .3   19.6   -6.0  20.5 287.1   4.4 -104.82876  39.86092  39.9 115.6 13859.7  0.0  0.0 99.0   .2   .3   .3
2490.0  143.9 -55.3 999.0    .3   18.8   -5.1  19.5 285.2   4.1 -104.82667  39.86029  40.1 115.6 13900.4   .1  0.0 99.0   .2   .2   .3
2500.0  143.0 -55.4 999.0    .3   18.4   -4.9  19.1 284.8   4.1 -104.82474  39.85959  40.2 115.6 13941.2   .1  0.0 99.0   .2   .2   .3
2510.0  142.0 -55.6 999.0    .3   18.2   -5.1  18.9 285.6   4.4 -104.82276  39.85905  40.4 115.6 13984.9   .1  0.0 99.0   .2   .2   .3
2520.0  141.0 -55.8 999.0    .3   18.6   -5.1  19.2 285.2   4.5 -104.82075  39.85854  40.6 115.5 14029.6  0.0   .1 99.0   .2   .2   .3
2530.0  140.0 -55.9 999.0    .3   18.6   -4.4  19.2 283.4   4.5 -104.81876  39.85809  40.8 115.5 14074.1  0.0  0.0 99.0   .2   .2   .3
2540.0  139.0 -56.0 999.0    .3   19.1   -4.3  19.6 282.7   4.5 -104.81611  39.85839  41.0 115.3 14119.5  0.0  0.0 99.0   .2   .2   .2
2550.0  138.1 -56.2 999.0    .3   19.4   -4.1  19.8 281.9   4.2 -104.81345  39.85864  41.2 115.1 14161.8   .1  0.0 99.0   .2   .2   .3
2560.0  137.1 -56.5 999.0    .3   20.0   -3.5  20.3 279.9   4.4 -104.81124  39.85819  41.3 115.1 14205.8   .1  0.0 99.0   .2   .2   .3
2570.0  136.2 -56.7 999.0    .3   20.6   -3.8  21.0 280.3   4.5 -104.80939  39.85745  41.5 115.1 14250.7   .1  0.0 99.0   .2   .2   .3
2580.0  135.2 -56.9 999.0    .3   20.9   -3.7  21.2 280.0   4.5 -104.80689  39.85714  41.7 115.0 14295.3  0.0  0.0 99.0   .2   .2   .3
2590.0  134.3 -57.1 999.0    .3   20.5   -3.8  20.9 280.4   4.4 -104.80416  39.85715  41.9 114.9 14338.9   .1   .1 99.0   .1   .2   .3
2600.0  133.4 -57.2 999.0    .4   20.0   -3.1  20.3 278.9   4.2 -104.80174  39.85688  42.1 114.8 14381.4   .1  0.0 99.0   .2   .3   .3
2610.0  132.5 -57.5 999.0    .4   20.1   -2.7  20.3 277.7   4.5 -104.79976  39.85633  42.3 114.8 14425.9  0.0  0.0 99.0   .2   .2   .3
2620.0  131.5 -57.6 999.0    .4   20.3   -3.0  20.5 278.3   4.6 -104.79748  39.85580  42.5 114.7 14472.3   .1   .1 99.0   .2   .2   .3
2630.0  130.5 -57.7 999.0    .3   20.7   -3.8  21.0 280.3   4.6 -104.79511  39.85518  42.7 114.7 14518.3   .1  0.0 99.0   .2   .2   .3
2640.0  129.5 -57.9 999.0    .3   21.1   -4.8  21.6 282.7   4.9 -104.79276  39.85447  43.0 114.7 14566.8  0.0  0.0 99.0   .2   .3   .3
2650.0  128.5 -58.1 999.0    .3   20.9   -5.3  21.6 284.2   4.9 -104.79025  39.85399  43.2 114.6 14616.2   .1  0.0 99.0   .2   .2   .3
2660.0  127.5 -58.3 999.0    .3   20.8   -6.1  21.6 286.4   5.0 -104.78720  39.85373  43.4 114.5 14666.4   .1  0.0 99.0   .2   .2   .3
2670.0  126.4 -58.5 999.0    .3   20.7   -6.5  21.7 287.4   5.4 -104.78405  39.85346  43.7 114.4 14720.1   .1   .1 99.0   .2   .2   .3
2680.0  125.3 -58.5 999.0    .4   20.3   -6.3  21.3 287.1   5.4 -104.78081  39.85308  43.9 114.3 14773.7   .1  0.0 99.0   .2   .2   .3
2690.0  124.3 -58.6 999.0    .3   20.4   -6.8  21.5 288.4   5.0 -104.77833  39.85234  44.2 114.3 14823.9   .1   .1 99.0   .1   .2   .3
2700.0  123.4 -58.4 999.0    .4   20.3   -7.4  21.6 290.0   4.9 -104.77662  39.85163  44.3 114.3 14872.9  0.0  0.0 99.0   .1   .2   .2
2710.0  122.4 -58.2 999.0    .4   20.0   -8.0  21.5 291.8   5.0 -104.77491  39.85087  44.5 114.3 14923.2   .1   .1 99.0   .2   .3   .3
2720.0  121.4 -58.0 999.0    .4   18.6   -9.6  20.9 297.4   5.2 -104.77302  39.84997  44.7 114.3 14975.3   .1  0.0 99.0   .2   .3   .3
2730.0  120.4 -57.9 999.0    .4   17.7  -10.2  20.4 300.0   5.2 -104.77140  39.84896  44.9 114.4 15027.2   .1   .1 99.0   .2   .2   .3
2740.0  119.4 -57.8 999.0    .4   16.7  -10.6  19.8 302.3   5.1 -104.76985  39.84781  45.0 114.5 15078.6   .1  0.0 99.0   .2   .2   .3
2750.0  118.5 -57.8 999.0    .3   15.4  -10.1  18.4 303.4   5.0 -104.76801  39.84679  45.2 114.5 15128.5  0.0  0.0 99.0   .2   .2   .3
2760.0  117.5 -57.9 999.0    .3   14.7   -9.9  17.7 304.0   4.9 -104.76642  39.84577  45.4 114.6 15177.7   .1  0.0 99.0   .2   .2   .3
2770.0  116.7 -58.1 999.0    .3   12.9   -9.1  15.8 305.1   4.7 -104.76474  39.84491  45.6 114.6 15224.6  0.0   .1 99.0   .3   .3   .4
2780.0  115.8 -58.4 999.0    .3   12.5   -8.3  15.0 303.5   4.8 -104.76248  39.84462  45.8 114.6 15272.8   .1   .1 99.0   .2   .3   .3
2790.0  114.9 -58.7 999.0    .3   12.7   -7.7  14.8 301.4   5.0 -104.76021  39.84437  45.9 114.5 15322.4   .1  0.0 99.0   .2   .2   .3
2800.0  113.9 -58.8 999.0    .3   12.9   -7.3  14.8 299.5   5.2 -104.75828  39.84404  46.1 114.4 15374.2  0.0  0.0 99.0   .2   .3   .4
2810.0  113.0 -58.9 999.0    .3   14.1   -7.5  16.0 298.2   5.0 -104.75674  39.84347  46.3 114.4 15424.2  0.0  0.0 99.0   .2   .3   .3
2820.0  112.1 -59.1 999.0    .3   14.0   -7.5  15.9 298.0   4.9 -104.75593  39.84264  46.4 114.5 15473.0   .1  0.0 99.0   .2   .3   .3
2830.0  111.3 -59.1 999.0    .3  999.0  999.0 999.0 999.0   4.8 -104.75500  39.84206  46.5 114.5 15520.6   .1   .1 99.0 99.0 99.0 99.0
2840.0  110.5 -59.1 999.0    .4  999.0  999.0 999.0 999.0   4.5 -104.75364  39.84173  46.6 114.5 15566.0   .1   .1 99.0 99.0 99.0 99.0
2850.0  109.7 -59.2 999.0    .4  999.0  999.0 999.0 999.0   4.7 -104.75200  39.84145  46.7 114.5 15613.1   .1   .1 99.0 99.0 99.0 99.0
2860.0  108.8 -59.2 999.0    .4  999.0  999.0 999.0 999.0   4.7 -104.75038  39.84087  46.9 114.5 15660.3  0.0   .1 99.0 99.0 99.0 99.0
2870.0  108.1 -59.3 999.0    .3    7.2  -40.9  41.6 350.0   4.3 -104.74862  39.84029  47.0 114.5 15703.7   .1  0.0 99.0   .5 10.3 10.3
2880.0  107.4 -59.5 999.0    .3  999.0  999.0 999.0 999.0   4.1 -104.74673  39.83988  47.2 114.4 15744.3  0.0  0.0 99.0 99.0 99.0 99.0
2890.0  106.7 -59.6 999.0    .3   17.0   -5.4  17.9 287.7   4.2 -104.74463  39.83935  47.4 114.4 15786.5  0.0   .1 99.0   .2   .2   .3
2900.0  106.0 -59.4 999.0    .3   16.6   -4.8  17.3 286.1   4.2 -104.74175  39.83908  47.6 114.3 15828.2  0.0   .1 99.0   .2   .2   .3
2910.0  105.2 -59.2 999.0    .3   16.8   -4.5  17.4 285.0   4.3 -104.73967  39.83814  47.8 114.4 15871.0  0.0   .1 99.0   .2   .2   .3
2920.0  104.5 -59.2 999.0    .3   16.8   -4.1  17.3 283.9   4.3 -104.73818  39.83710  48.0 114.4 15913.7   .1  0.0 99.0   .2   .2   .3
2930.0  103.8 -59.2 999.0    .3   16.6   -3.9  17.1 283.3   4.1 -104.73582  39.83707  48.2 114.3 15955.2   .1  0.0 99.0   .2   .2   .3
2940.0  103.1 -59.4 999.0    .3   16.7   -3.8  17.1 282.7   4.5 -104.73385  39.83699  48.3 114.2 16000.0  0.0  0.0 99.0   .2   .2   .3
2950.0  102.3 -59.5 999.0    .4   16.7   -4.0  17.2 283.5   4.7 -104.73207  39.83667  48.5 114.2 16047.1  0.0   .1 99.0   .2   .2   .3
2960.0  101.6 -59.4 999.0    .4   17.1   -5.0  17.8 286.2   4.6 -104.73041  39.83614  48.6 114.2 16092.9  0.0  0.0 99.0   .2   .3   .3
2970.0  100.9 -59.0 999.0    .4   18.3   -6.0  19.3 288.2   4.4 -104.72859  39.83550  48.8 114.2 16136.5   .1  0.0 99.0   .3   .3   .4
2980.0  100.1 -58.7 999.0    .3   19.6   -6.8  20.8 289.3   4.9 -104.72642  39.83496  49.0 114.2 16185.9   .1   .1 99.0   .3   .3   .5
2990.0   99.3 -58.5 999.0    .7   19.7   -7.0  21.0 289.6   5.0 -104.72472  39.83430  49.2 114.2 16236.2   .1  0.0 99.0   .3   .3   .4
3000.0   94.5 -59.6 -95.2   4.0   19.2   -7.1  20.5 290.2  31.1 -104.72214  39.83431  49.4 114.1 16547.6 99.0 99.0 99.0   .2   .2   .3
3010.0   94.6 -59.3 -92.3   3.0   18.2   -7.1  19.5 291.4   -.6 -104.71916  39.83437  49.6 114.0 16541.4  2.3   .6 99.0   .2   .1   .2
3020.0   96.9 -58.2 -97.5    .3   16.7   -7.0  18.1 292.7 -15.1 -104.71721  39.83357  49.8 114.0 16390.1   .1   .1 99.0   .3   .2   .4
3030.0   96.0 -57.8 999.0    .3    8.3  -13.0  15.4 327.4   5.5 -104.71582  39.83249  49.9 114.0 16444.7   .1   .1 99.0 11.3  2.4 11.6
3040.0   95.2 -57.5 999.0    .3  -18.4  -15.6  24.1  49.7   5.7 -104.71481  39.83148  50.1 114.1 16501.2  0.0   .1 99.0  8.4  2.0  8.7
3050.0   94.3 -57.6 999.0    .5    -.1   -7.3   7.3    .8   5.8 -104.71325  39.83107  50.2 114.1 16559.6   .1  0.0 99.0 12.2  2.8 12.5
3060.0   91.1 -58.6 -95.6   3.5   35.3    3.0  35.4 265.1  22.0 -104.71084  39.83125  50.4 114.0 16780.1  5.0  1.7 99.0 11.3  2.4 11.6
3070.0   90.4 -59.0 -92.2   3.1   44.8    6.3  45.2 261.9   4.4 -104.70811  39.83149  50.6 113.8 16824.0  5.9  1.9 99.0  9.2  1.9  9.4
3080.0   91.7 -58.7 -97.4    .3   18.3   -2.2  18.4 276.9  -8.9 -104.70546  39.83144  50.8 113.7 16735.1  0.0  0.0 99.0   .2   .3   .4
3090.0   90.9 -59.1 999.0    .3   18.5   -2.4  18.7 277.2   5.8 -104.70274  39.83125  51.0 113.7 16793.4   .1   .1 99.0   .2   .3   .3
3100.0   90.0 -59.2 999.0    .3   19.0   -4.6  19.6 283.5   6.0 -104.70001  39.83086  51.2 113.6 16853.6   .1  0.0 99.0   .2   .3   .3
3110.0   89.1 -59.1 999.0    .3   18.5   -5.8  19.4 287.6   6.0 -104.69771  39.83042  51.4 113.6 16913.4   .1   .1 99.0   .2   .3   .3
3120.0   88.4 -59.1 999.0    .3   17.4   -7.7  19.0 293.8   5.4 -104.69551  39.82962  51.7 113.6 16967.8  0.0   .1 99.0   .2   .3   .3
3130.0   87.6 -59.0 999.0    .4   16.2  -10.0  19.1 301.6   5.3 -104.69392  39.82841  51.8 113.6 17021.1  0.0   .1 99.0   .3   .3   .4
3140.0   86.9 -59.1 999.0    .4   14.3  -12.1  18.7 310.4   5.3 -104.69332  39.82661  52.0 113.8 17073.9   .1  0.0 99.0   .2   .3   .4
3150.0   86.2 -59.2 999.0    .3   11.7  -12.9  17.4 317.7   4.9 -104.69247  39.82529  52.1 113.9 17123.2   .1  0.0 99.0   .2   .3   .4
3160.0   85.6 -59.5 999.0    .3   11.0  -14.2  18.0 322.1   4.6 -104.69139  39.82427  52.2 114.0 17168.9   .1   .1 99.0   .3   .3   .4
3170.0   85.0 -59.8 999.0    .3   11.4  -11.9  16.5 316.3   4.5 -104.69023  39.82325  52.4 114.1 17213.7   .1  0.0 99.0   .2   .3   .4
3180.0   84.3 -60.2 999.0    .4   11.8  -10.7  16.0 312.3   4.6 -104.68885  39.82218  52.5 114.1 17259.3   .1  0.0 99.0   .2   .3   .3
3190.0   83.9 -60.5 999.0    .4   12.2   -9.4  15.4 307.6   3.6 -104.68745  39.82132  52.7 114.2 17295.8   .3   .1 99.0   .2   .4   .4
3200.0   85.4 -60.0 999.0    .3   11.5   -8.5  14.3 306.4 -11.1 -104.68619  39.82069  52.8 114.2 17184.3   .8   .3 99.0   .6   .8  1.0
3210.0   89.4 -58.9 999.0    .3   12.0   -6.3  13.5 297.6 -28.8 -104.68386  39.82030  53.0 114.2 16896.4   .1   .2 99.0   .6   .8  1.0
3220.0   94.4 -58.0 999.0    .3   13.4   -7.5  15.4 299.1 -34.1 -104.68196  39.81952  53.2 114.2 16555.0   .1   .3 99.0   .4   .5   .7
3230.0   99.6 -57.9 999.0    .3   14.6   -8.0  16.7 298.8 -33.8 -104.68078  39.81827  53.3 114.3 16217.5   .1   .2 99.0   .3   .3   .5
3240.0  105.0 -58.5 999.0    .3   15.8   -7.6  17.6 295.8 -33.4 -104.67969  39.81723  53.5 114.3 15883.1   .1   .1 99.0   .4   .3   .5
3250.0  110.5 -58.7 999.0    .3   17.2   -6.8  18.5 291.5 -31.9 -104.67836  39.81647  53.6 114.4 15563.9   .1   .2 99.0   .4   .3   .5
3260.0  116.0 -58.1 999.0    .3   17.7   -6.4  18.8 289.8 -30.6 -104.67611  39.81611  53.8 114.3 15257.4   .1   .2 99.0   .3   .3   .4
3270.0  121.7 -57.4 999.0    .3   17.9   -6.2  18.9 289.3 -30.1 -104.67350  39.81577  54.0 114.2 14956.6   .1   .4 99.0   .2   .3   .4
3280.0  127.4 -57.2 999.0    .3   17.7   -6.6  18.8 290.5 -29.1 -104.67082  39.81532  54.2 114.2 14665.1  0.0   .3 99.0   .2   .3   .4
3290.0  133.4 -57.1 999.0    .3   16.7   -7.8  18.5 295.1 -28.9 -104.66861  39.81457  54.4 114.2 14376.4   .1  0.0 99.0   .2   .3   .3
3300.0  139.7 -56.4 999.0    .4   16.8   -7.9  18.6 295.2 -29.2 -104.66648  39.81382  54.6 114.2 14084.8   .1   .1 99.0   .2   .3   .3
3310.0  146.2 -55.5 999.0    .3   17.2   -7.5  18.8 293.7 -29.0 -104.66404  39.81350  54.8 114.1 13794.6   .1   .1 99.0   .2   .2   .3
3320.0  153.0 -54.7 999.0    .3   17.7   -7.4  19.1 292.6 -29.4 -104.66172  39.81318  55.0 114.1 13501.0   .2   .1 99.0   .2   .2   .3
3330.0  160.5 -54.0 999.0    .3   21.7   -7.4  22.9 288.8 -30.6 -104.65938  39.81242  55.3 114.1 13194.8   .1   .2 99.0   .4   .3   .4
3340.0  168.4 -54.0 999.0    .3   22.0   -7.4  23.2 288.7 -30.6 -104.65730  39.81157  55.5 114.1 12889.2   .1   .6 99.0   .4   .3   .5
3350.0  176.6 -54.9 999.0    .3   21.4   -8.3  22.9 291.2 -30.5 -104.65511  39.81071  55.7 114.1 12584.4   .1   .2 99.0   .2   .3   .4
3360.0  185.1 -56.2 999.0    .3   21.9   -9.0  23.6 292.3 -30.0 -104.65275  39.80980  55.9 114.1 12284.2   .1   .2 99.0   .2   .2   .3
3370.0  193.8 -57.5 999.0    .3   21.8   -8.9  23.6 292.3 -29.2 -104.65055  39.80842  56.1 114.2 11992.1   .1   .3 99.0   .3   .3   .4
3380.0  202.9 -58.5 999.0    .3   22.2   -9.1  24.0 292.2 -28.7 -104.64826  39.80695  56.4 114.2 11705.6   .1   .1 99.0   .2   .2   .3
3390.0  212.1 -59.8 999.0    .7   22.0  -10.0  24.1 294.4 -27.9 -104.67576  39.78287  55.5 117.8 11426.9  0.0   .2 99.0   .2   .2   .3
3400.0  221.5 -60.7 999.0   1.9   21.4  -10.1  23.7 295.3 -26.9 -104.69357  39.76724  55.0 120.1 11157.7   .1   .5 99.0   .3   .3   .4
3410.0  231.0 -60.0 -94.5   4.0   21.6  -10.0  23.8 294.8 -26.4 -104.70529  39.75640  54.7 121.7 10894.1   .2   .1   .3   .4   .3   .5
3420.0  240.9 -58.6 -88.8   6.6   21.0   -9.3  22.9 293.9 -26.2 -104.71323  39.74850  54.7 122.9 10632.3   .1   .1   .2   .3   .3   .4
3430.0  250.9 -57.3 -83.9   9.5   21.3   -8.5  22.9 291.7 -25.7 -104.71787  39.74292  54.7 123.7 10375.4   .1   .1   .3   .2   .3   .3
3440.0  261.2 -55.7 -79.5  13.1   21.2   -8.3  22.8 291.4 -25.4 -104.71996  39.73886  54.8 124.2 10121.0   .1   .1   .4   .2   .3   .3
3450.0  271.7 -53.9 -75.2  17.2   20.9   -7.7  22.3 290.3 -25.2 -104.72069  39.73585  54.9 124.5  9868.9   .1  0.0   .3   .2   .2   .3
3460.0  282.4 -52.0 -71.0  21.7   21.1   -7.4  22.3 289.4 -24.9 -104.71989  39.73390  55.1 124.6  9619.9   .1   .1   .3   .1   .2   .2
3470.0  293.4 -50.0 -67.0  26.7   21.4   -7.9  22.8 290.2 -24.7 -104.71790  39.73226  55.3 124.7  9372.5   .1  0.0   .3   .1   .2   .2
3480.0  304.3 -47.8 -63.1  31.1   21.1   -8.3  22.7 291.3 -24.0 -104.71676  39.73053  55.5 124.8  9132.2   .1   .1   .6   .1   .2   .2
3490.0  315.2 -45.9 -59.9  33.6   20.7   -8.9  22.5 293.4 -23.4 -104.71584  39.72897  55.7 124.9  8898.3   .1   .1   .7   .1   .2   .2
3500.0  326.3 -44.1 -57.6  33.7   20.5   -9.1  22.4 293.9 -23.0 -104.71428  39.72763  55.9 124.9  8668.1   .1   .1   .6   .1   .2   .2
3510.0  337.2 -42.2 -55.6  34.4   20.3   -8.9  22.2 293.6 -22.0 -104.71387  39.72572  56.0 125.1  8447.6   .4  0.0   .3   .2   .2   .3
3520.0  348.6 -40.3 -53.3  35.8   19.6   -7.5  21.0 290.9 -22.6 -104.71356  39.72455  56.1 125.2  8221.9   .8   .1   .3   .2   .3   .4
3530.0  360.0 -38.4 -51.2  35.7   19.4   -6.1  20.4 287.3 -22.2 -104.71307  39.72335  56.2 125.3  8000.1   .3  0.0   .7   .2   .3   .4
3540.0  371.3 -36.5 -49.8  31.8   19.6   -5.4  20.3 285.3 -21.2 -104.71133  39.72253  56.4 125.3  7787.6   .1   .1  2.0   .2   .3   .3
3550.0  382.7 -34.8 -49.9  24.1   19.1   -4.8  19.6 284.1 -21.0 -104.70861  39.72188  56.6 125.2  7577.8   .1   .1  1.9   .2   .3   .4
3560.0  394.0 -33.2 -50.7  19.8   19.0   -5.8  19.9 287.0 -20.3 -104.70532  39.72089  56.9 125.1  7374.4   .1   .1   .9   .2   .2   .3
3570.0  405.4 -31.6 -50.1  20.2   17.8   -6.7  19.0 290.7 -20.1 -104.70204  39.71985  57.2 125.0  7173.2   .2   .1   .4   .2   .3   .3
3580.0  416.8 -30.1 -48.1  21.7   16.8   -7.6  18.4 294.4 -19.7 -104.69961  39.71891  57.5 125.0  6976.4   .3   .1   .4   .2   .3   .3
3590.0  428.5 -28.4 -46.2  21.9   15.5   -9.0  17.9 300.1 -19.9 -104.69859  39.71847  57.6 125.0  6777.7   .1   .1   .9   .2   .3   .3
3600.0  440.2 -26.8 -45.2  19.1   14.3  -10.3  17.7 305.8 -19.4 -104.69735  39.71787  57.7 125.0  6584.2   .3   .1  1.1   .2   .3   .4
3610.0  452.1 -25.1 -45.9  13.7   14.7  -10.3  17.9 305.0 -19.3 -104.69587  39.71739  57.8 125.0  6391.7   .3   .1   .5   .2   .3   .4
3620.0  464.1 -23.3 -48.2   8.7   15.3   -9.8  18.1 302.6 -19.2 -104.69519  39.71665  57.9 125.0  6200.0   .3   .1  1.1   .2   .3   .3
3630.0  476.3 -21.8 -50.4   6.7   15.3   -9.6  18.1 302.1 -19.0 -104.69470  39.71574  58.0 125.0  6010.2   .2   .1  1.2   .2   .3   .3
3640.0  488.5 -20.3 -52.5   4.3   14.1   -9.4  16.9 303.6 -18.7 -104.69298  39.71488  58.2 125.0  5823.3   .5  0.0   .8   .3   .3   .4
3650.0  500.7 -18.7 -56.5   2.1   13.5   -9.2  16.3 304.3 -18.2 -104.74220  39.70519  55.5 128.5  5641.0   .5   .1   .3   .2   .3   .4
3660.0  465.2 -21.6 -54.6   6.1   12.2  -11.6  16.8 313.7  54.3 -104.77517  39.69802  53.8 131.0  6184.4 99.0  9.4  9.0   .2   .4   .4
3670.0  489.2 -19.4 -51.4   5.7   12.2   -7.6  14.4 302.0 -37.2 -104.79981  39.69169  52.7 133.1  5812.3 92.0  8.2  7.8   .4   .9  1.0
3680.0  539.1 -14.9 -51.0   3.5   11.5   -4.8  12.4 292.5 -72.7 -104.79981  39.69169  52.7 133.1  5085.0   .2   .1   .5   .4  1.0  1.0
3690.0  552.7 -13.5 -46.4   7.9   11.4   -4.6  12.3 292.2 -18.9 -104.81918  39.68481  52.1 135.0  4896.5   .1   .1  3.3   .4  1.2  1.2
3700.0  566.3 -12.2 -34.8  22.6   12.1   -9.0  15.0 306.8 -18.6 -104.83039  39.67784  52.0 136.3  4710.5   .2   .1  3.4   .6  1.6  1.7
3710.0  579.8 -10.7 -25.5  40.2   12.9  -14.1  19.1 317.4 -18.0 -104.83905  39.67135  52.0 137.4  4530.5   .7   .1  2.1   .5  1.4  1.4
3720.0  594.0  -9.1 -20.0  48.4   14.2  -18.2  23.1 322.0 -18.7 -104.84382  39.66630  52.2 138.2  4343.3   .5  0.0  3.7   .4  1.2  1.2
3730.0  608.4  -7.3 -17.5  47.2   14.3  -14.4  20.3 315.3 -18.5 -104.84382  39.66630  52.2 138.2  4158.3   .2  0.0  1.0   .4  1.0  1.0
3740.0  622.8  -5.6 -16.5  43.3   14.0  -10.5  17.5 306.8 -18.3 -104.84382  39.66630  52.2 138.2  3975.1   .8  0.0   .8   .4  1.0  1.1
3750.0  637.7  -3.9 -16.2  38.4   12.1  -13.9  18.4 319.0 -18.6 -104.84382  39.66630  52.2 138.2  3788.6   .7   .1  1.1   .6  2.9  2.9
3760.0  651.3  -2.2 -16.2  33.2   11.5  -10.0  15.2 310.8 -16.6 -104.84382  39.66630  52.2 138.2  3622.5  1.2   .2  1.6   .6  3.8  3.8
3770.0  665.5   -.6 -16.1  30.9    7.4   18.7  20.1 201.6 -17.3 -104.84382  39.66630  52.2 138.2  3450.0  1.5   .2   .4   .7  4.0  4.1
3780.0  680.8   1.0 -15.4  29.1  999.0  999.0 999.0 999.0 -18.1 -104.84382  39.66630  52.2 138.2  3268.7  1.7   .2   .3 99.0 99.0 99.0
3790.0  697.2   2.7 -15.0  26.2  999.0  999.0 999.0 999.0 -19.2 -104.84382  39.66630  52.2 138.2  3076.2  1.4   .2   .1 99.0 99.0 99.0
3800.0 9999.0 999.0   0.0 999.0  999.0  999.0 999.0 999.0  99.0 -104.84382  39.66630  52.2 138.2 99999.0 99.0 99.0 99.0 99.0 99.0 99.0
